2015-08-08;19:45:00;1;100020;1;0;100017;1.75;3.6;4.75;2015002
2015-08-08;22:00:00;1;100016;1;3;100035;2.45;3.25;2.9;2015002
2015-08-08;22:00:00;1;100047;0;1;100012;2.3;3.3;3.1;2015002
2015-08-08;22:00:00;1;100036;4;2;100011;2.2;3.2;3.4;2015002
2015-08-08;22:00:00;1;100010;2;2;100034;1.57;3.6;5.5;2015002
2015-08-09;0:30:00;1;100018;2;2;100015;1.33;4.8;10;2015002
2015-08-09;20:30:00;1;100007;2;2;100019;3.1;3.3;2.3;2015002
2015-08-09;20:30:00;1;100001;0;2;100002;1.35;4.8;9;2015002
2015-08-09;23:00:00;1;100014;0;1;100013;2.9;3.25;2.45;2015002
2015-08-11;3:00:00;1;100003;0;3;100009;5.5;4;1.6;2015002
2015-08-15;2:45:00;2;100012;0;1;100020;5;3.6;1.62;2015003
2015-08-15;19:45:00;2;100019;0;3;100010;2.1;3.3;3.2;2015003
2015-08-15;22:00:00;2;100015;2;0;100007;2;3.3;3.4;2015003
2015-08-15;22:00:00;2;100002;1;2;100036;1.95;3.3;3.6;2015003
2015-08-15;22:00:00;2;100034;0;0;100003;2.5;3.2;2.6;2015003
2015-08-15;22:00:00;2;100017;2;2;100014;1.73;3.5;4.33;2015003
2015-08-15;22:00:00;2;100011;1;3;100016;2.25;3.3;2.88;2015003
2015-08-16;20:30:00;2;100035;1;2;100001;4.8;3.5;1.67;2015003
2015-08-16;23:00:00;2;100009;3;0;100018;2.3;3.3;2.8;2015003
2015-08-18;3:00:00;2;100013;1;0;100047;1.33;4.33;9;2015003
2015-08-22;19:45:00;3;100020;0;0;100007;1.33;4.33;9;2015004
2015-08-22;22:00:00;3;100011;1;1;100015;3;3.3;2.2;2015004
2015-08-22;22:00:00;3;100036;1;1;100017;2.88;3.3;2.25;2015004
2015-08-22;22:00:00;3;100035;2;1;100012;1.8;3.4;4;2015004
2015-08-22;22:00:00;3;100002;3;4;100047;1.83;3.3;4;2015004
2015-08-22;22:00:00;3;100016;1;1;100014;3;3.3;2.2;2015004
2015-08-23;20:30:00;3;100003;2;3;100018;6.5;4;1.44;2015004
2015-08-23;23:00:00;3;100010;0;2;100009;4.5;3.4;1.73;2015004
2015-08-23;23:00:00;3;100034;0;0;100019;3.2;3.3;2.1;2015004
2015-08-25;3:00:00;3;100001;0;0;100013;1.91;3.3;3.75;2015004
2015-08-29;19:45:00;4;100007;0;1;100001;6;4.33;1.5;2015005
2015-08-29;22:00:00;4;100012;2;2;100011;1.83;3.4;4.5;2015005
2015-08-29;22:00:00;4;100009;2;0;100034;1.2;7;12;2015005
2015-08-29;22:00:00;4;100013;0;3;100002;1.33;5;9;2015005
2015-08-29;22:00:00;4;100018;1;2;100035;1.33;5;9;2015005
2015-08-29;22:00:00;4;100014;0;1;100003;1.83;3.2;4.8;2015005
2015-08-29;22:00:00;4;100047;1;1;100036;2.15;3.4;3.3;2015005
2015-08-30;0:30:00;4;100017;0;0;100010;2.05;3.4;3.5;2015005
2015-08-30;20:30:00;4;100019;3;0;100016;1.91;3.4;4;2015005
2015-08-30;23:00:00;4;100015;2;1;100020;3.2;3.2;2.25;2015005
2015-09-12;19:45:00;5;100010;3;1;100018;4.2;3.6;1.83;2015006
2015-09-12;22:00:00;5;100035;0;1;100009;6;4;1.55;2015006
2015-09-12;22:00:00;5;100016;3;1;100047;2.38;3.4;2.9;2015006
2015-09-12;22:00:00;5;100034;1;0;100015;2.5;3.2;2.88;2015006
2015-09-12;22:00:00;5;100003;0;0;100019;3.1;3.1;2.4;2015006
2015-09-12;22:00:00;5;100001;2;0;100014;1.35;4.8;9;2015006
2015-09-13;0:30:00;5;100020;3;1;100013;2;3.4;3.75;2015006
2015-09-13;20:30:00;5;100011;0;1;100017;4;3.5;1.91;2015006
2015-09-13;23:00:00;5;100036;3;2;100012;1.8;3.75;4.2;2015006
2015-09-15;3:00:00;5;100002;2;0;100007;2.4;3.5;2.8;2015006
2015-09-19;19:45:00;6;100018;2;0;100001;2.15;3.5;3.25;2015007
2015-09-19;22:00:00;6;100047;2;0;100011;1.73;3.6;5;2015007
2015-09-19;22:00:00;6;100014;2;2;100036;2.38;3.4;2.9;2015007
2015-09-19;22:00:00;6;100007;1;2;100034;2.3;3.3;3.1;2015007
2015-09-19;22:00:00;6;100015;0;0;100010;2.2;3.3;3.3;2015007
2015-09-19;22:00:00;6;100012;0;1;100003;2.25;3.2;3.3;2015007
2015-09-20;0:30:00;6;100009;1;2;100002;1.22;6.5;11;2015007
2015-09-20;20:30:00;6;100017;1;0;100035;1.91;3.5;4;2015007
2015-09-20;23:00:00;6;100013;1;1;100016;1.5;4.2;6.5;2015007
2015-09-20;23:00:00;6;100019;2;3;100020;3.3;3.2;2.25;2015007
2015-09-26;19:45:00;7;100017;4;1;100009;4.2;3.75;1.8;2015008
2015-09-26;22:00:00;7;100036;2;5;100001;4.2;4;1.75;2015008
2015-09-26;22:00:00;7;100014;2;1;100047;2.3;3.3;3.1;2015008
2015-09-26;22:00:00;7;100019;3;1;100015;2.15;3.25;3.5;2015008
2015-09-26;22:00:00;7;100020;3;0;100011;1.4;4.4;8.5;2015008
2015-09-26;22:00:00;7;100013;3;2;100012;1.5;4.2;6.5;2015008
2015-09-26;22:00:00;7;100002;2;2;100016;2.3;3.3;3.1;2015008
2015-09-27;0:30:00;7;100007;2;2;100018;4;3.5;1.91;2015008
2015-09-27;23:00:00;7;100034;0;1;100035;2.62;3.2;2.75;2015008
2015-09-29;3:00:00;7;100003;2;3;100010;3.2;3.2;2.3;2015008
2015-10-03;19:45:00;8;100035;2;0;100003;1.85;3.3;4.6;2015009
2015-10-03;22:00:00;8;100012;0;1;100014;2.5;3.2;2.88;2015009
2015-10-03;22:00:00;8;100011;2;2;100002;2.9;3.4;2.38;2015009
2015-10-03;22:00:00;8;100047;1;1;100034;1.95;3.5;3.8;2015009
2015-10-03;22:00:00;8;100009;6;1;100007;1.2;6.5;13;2015009
2015-10-03;22:00:00;8;100016;1;2;100036;2.38;3.25;3;2015009
2015-10-04;0:30:00;8;100018;1;3;100019;1.65;4;5;2015009
2015-10-04;20:30:00;8;100010;1;1;100013;2.6;3.4;2.62;2015009
2015-10-04;23:00:00;8;100001;3;0;100020;2.15;3.5;3.25;2015009
2015-10-04;23:00:00;8;100015;2;2;100017;2.45;3.4;2.8;2015009
2015-10-17;19:45:00;9;100017;0;0;100013;2.5;3.3;2.8;2015010
2015-10-17;22:00:00;9;100035;1;3;100002;2.25;3.2;3.3;2015010
2015-10-17;22:00:00;9;100018;2;0;100012;1.35;4.8;9;2015010
2015-10-17;22:00:00;9;100003;1;0;100011;1.8;3.5;4.6;2015010
2015-10-17;22:00:00;9;100010;0;3;100020;3.6;3.4;2.05;2015010
2015-10-17;22:00:00;9;100009;5;1;100047;1.29;5.5;10;2015010
2015-10-17;22:00:00;9;100019;2;2;100036;1.83;3.6;4.2;2015010
2015-10-18;0:30:00;9;100034;0;3;100001;4.8;3.8;1.7;2015010
2015-10-18;23:00:00;9;100007;6;2;100016;2.38;3.25;3;2015010
2015-10-20;3:00:00;9;100015;0;1;100014;1.95;3.4;4;2015010
2015-10-24;22:00:00;10;100012;1;2;100015;3;3.1;2.3;2015011
2015-10-24;22:00:00;10;100016;0;1;100003;1.91;3.3;3.8;2015011
2015-10-24;22:00:00;10;100002;2;1;100018;3.8;3.5;1.85;2015011
2015-10-24;22:00:00;10;100036;1;0;100035;2.2;3.3;3;2015011
2015-10-24;22:00:00;10;100014;0;2;100034;2.15;3.2;3.2;2015011
2015-10-25;0:30:00;10;100001;2;1;100010;1.44;4.33;6;2015011
2015-10-25;20:00:00;10;100011;3;0;100007;2.5;3.25;2.6;2015011
2015-10-25;22:05:00;10;100020;0;0;100009;2.75;3.3;2.38;2015011
2015-10-25;22:05:00;10;100047;1;5;100017;2.75;3.3;2.38;2015011
2015-10-26;0:15:00;10;100013;1;1;100019;1.91;3.5;3.6;2015011
2015-10-31;20:45:00;11;100018;1;3;100013;1.8;3.75;4.2;2015012
2015-10-31;23:00:00;11;100009;2;1;100016;1.25;6;11;2015012
2015-10-31;23:00:00;11;100007;0;0;100014;2.45;3.25;2.9;2015012
2015-10-31;23:00:00;11;100015;0;3;100001;4.75;4;1.67;2015012
2015-10-31;23:00:00;11;100003;2;3;100036;2.9;3.25;2.45;2015012
2015-10-31;23:00:00;11;100034;2;0;100002;2.3;3.3;3.1;2015012
2015-10-31;23:00:00;11;100035;0;0;100020;3.6;3.4;2.05;2015012
2015-11-01;21:30:00;11;100010;6;2;100011;1.5;4.2;6.5;2015012
2015-11-02;0:00:00;11;100019;2;0;100047;1.6;4;5.5;2015012
2015-11-03;4:00:00;11;100017;3;1;100012;1.5;4;7;2015012
2015-11-07;20:45:00;12;100047;0;1;100007;2.05;3.4;3.25;2015013
2015-11-07;23:00:00;12;100011;0;1;100019;4;3.3;1.85;2015013
2015-11-07;23:00:00;12;100002;1;1;100010;2.3;3.25;2.88;2015013
2015-11-07;23:00:00;12;100020;2;0;100003;1.33;4.6;8;2015013
2015-11-07;23:00:00;12;100016;1;0;100015;2.4;3.2;2.7;2015013
2015-11-07;23:00:00;12;100036;2;1;100034;1.73;3.5;4.33;2015013
2015-11-08;1:30:00;12;100014;1;0;100018;3.8;3.3;1.91;2015013
2015-11-08;21:30:00;12;100012;0;0;100009;5.5;4.2;1.5;2015013
2015-11-09;0:00:00;12;100001;1;1;100017;1.57;4;5;2015013
2015-11-09;0:00:00;12;100013;1;2;100035;1.7;3.5;4.6;2015013
2015-11-21;20:45:00;13;100034;1;2;100020;4.6;3.5;1.8;2015014
2015-11-21;23:00:00;13;100015;2;2;100047;1.75;3.6;4.75;2015014
2015-11-21;23:00:00;13;100010;4;0;100012;1.5;4;7;2015014
2015-11-21;23:00:00;13;100003;2;1;100001;6;4.2;1.53;2015014
2015-11-21;23:00:00;13;100007;0;3;100036;2.75;3.4;2.5;2015014
2015-11-21;23:00:00;13;100019;0;1;100014;1.67;3.6;5.5;2015014
2015-11-21;23:00:00;13;100018;1;0;100016;1.44;4.4;7;2015014
2015-11-22;1:30:00;13;100009;1;4;100013;1.75;3.75;4.5;2015014
2015-11-23;0:00:00;13;100017;4;1;100002;1.67;4;4.75;2015014
2015-11-24;4:00:00;13;100035;0;1;100011;1.6;4;5.5;2015014
2015-11-28;23:00:00;14;100035;5;1;100007;1.7;3.8;4.8;2015015
2015-11-28;23:00:00;14;100009;3;1;100019;1.6;4.2;5;2015015
2015-11-28;23:00:00;14;100047;3;3;100010;2.9;3.4;2.38;2015015
2015-11-28;23:00:00;14;100012;2;3;100034;2.5;3.2;2.9;2015015
2015-11-28;23:00:00;14;100011;2;0;100014;3;3.25;2.38;2015015
2015-11-29;1:30:00;14;100036;1;1;100020;3.2;3.4;2.2;2015015
2015-11-29;20:00:00;14;100017;0;0;100018;2.5;3.3;2.8;2015015
2015-11-29;22:05:00;14;100002;1;1;100003;1.85;3.5;4.33;2015015
2015-11-30;0:15:00;14;100016;1;1;100001;6;4;1.55;2015015
2015-11-30;0:15:00;14;100013;1;0;100015;1.55;4;6;2015015
2015-12-05;23:00:00;15;100001;3;1;100011;1.18;6.5;17;2015016
2015-12-06;1:30:00;15;100018;0;1;100047;1.4;4.75;7.5;2015016
2015-12-05;23:00:00;15;100015;0;3;100036;2.62;3.4;2.6;2015016
2015-12-05;20:45:00;15;100014;2;0;100009;4.8;3.8;1.7;2015016
2015-12-05;23:00:00;15;100003;1;1;100017;3.75;3.4;2;2015016
2015-12-07;0:00:00;15;100007;2;0;100013;4.8;3.8;1.7;2015016
2015-12-05;23:00:00;15;100034;2;0;100016;2.05;3.4;3.6;2015016
2015-12-05;23:00:00;15;100019;1;1;100012;1.5;4;7;2015016
2015-12-08;4:00:00;15;100010;1;1;100035;2.05;3.5;3.5;2015016
2015-12-05;23:00:00;15;100020;0;0;100002;1.5;4;7;2015016
2015-12-14;0:00:00;16;100013;2;2;100003;1.33;5;9;2015017
2015-12-12;23:00:00;16;100002;0;0;100014;2.3;3.3;3.1;2015017
2015-12-12;20:45:00;16;100016;1;1;100010;2.8;3.3;2.5;2015017
2015-12-14;0:00:00;16;100017;1;2;100007;1.33;5;9;2015017
2015-12-15;4:00:00;16;100036;2;1;100018;2.88;3.3;2.45;2015017
2015-12-12;23:00:00;16;100035;1;0;100019;2.5;3.2;2.88;2015017
2015-12-13;21:30:00;16;100012;0;2;100001;5.5;4;1.57;2015017
2015-12-12;23:00:00;16;100011;0;1;100034;2.88;3.2;2.5;2015017
2015-12-12;23:00:00;16;100009;2;1;100015;1.29;5.5;9.5;2015017
2015-12-13;1:30:00;16;100047;2;1;100020;3.8;3.3;2;2015017
2015-12-19;23:00:00;17;100003;1;2;100047;2.4;3.1;3.1;2015018
2015-12-20;21:30:00;17;100034;3;0;100013;4.4;3.5;1.83;2015018
2015-12-20;1:30:00;17;100007;1;1;100012;2.15;3.4;3.3;2015018
2015-12-19;23:00:00;17;100019;0;2;100017;2.5;3.3;2.8;2015018
2015-12-19;23:00:00;17;100020;1;2;100016;1.4;4.4;8.5;2015018
2015-12-19;23:00:00;17;100014;1;2;100035;2.3;3.2;3.2;2015018
2015-12-21;0:00:00;17;100015;0;0;100002;2.15;3.25;3.5;2015018
2015-12-19;23:00:00;17;100018;3;1;100011;1.3;5.5;9.5;2015018
2015-12-22;4:00:00;17;100001;2;1;100009;2.5;3.4;2.75;2015018
2015-12-19;23:00:00;17;100010;2;3;100036;2.05;3.6;3.4;2015018
2015-12-26;20:45:00;18;100014;2;0;100020;3.1;3.1;2.4;2015019
2015-12-26;23:00:00;18;100047;0;0;100035;2.62;3.25;2.7;2015019
2015-12-26;23:00:00;18;100018;2;2;100034;1.44;4.33;7.5;2015019
2015-12-27;1:30:00;18;100007;0;1;100010;2.9;3.4;2.38;2015019
2015-12-27;3:45:00;18;100019;4;0;100001;3.5;3.5;2.05;2015019
2015-12-26;23:00:00;18;100012;1;1;100002;2.88;3.2;2.5;2015019
2015-12-26;23:00:00;18;100015;1;0;100003;2.1;3.1;3.8;2015019
2015-12-26;23:00:00;18;100013;1;0;100036;1.73;3.8;4.6;2015019
2015-12-26;23:00:00;18;100017;3;0;100016;1.4;4.5;8;2015019
2015-12-26;23:00:00;18;100009;4;1;100011;1.18;6.5;17;2015019
2015-12-31;3:45:00;19;100011;0;1;100013;4;3.5;1.91;2015020
2015-12-28;23:00:00;19;100003;1;0;100007;2.25;3.2;3.3;2015020
2015-12-29;1:30:00;19;100002;2;1;100019;3;3.25;2.37;2015020
2015-12-28;23:00:00;19;100034;1;2;100017;3.5;3.25;2.15;2015020
2015-12-29;1:30:00;19;100020;0;0;100018;2.5;3.2;2.87;2015020
2015-12-28;23:00:00;19;100010;3;4;100014;2.05;3.25;3.8;2015020
2015-12-29;1:30:00;19;100001;2;0;100047;1.36;4.8;8.5;2015020
2015-12-28;23:00:00;19;100035;0;0;100015;1.91;3.4;4.2;2015020
2015-12-28;23:00:00;19;100016;2;0;100012;2.05;3.4;3.6;2015020
2015-12-30;3:45:00;19;100036;0;0;100009;3.6;3.75;1.95;2015020
2016-01-03;1:30:00;20;100034;1;2;100009;4.8;3.8;1.7;2015021
2016-01-02;23:00:00;20;100011;3;1;100012;2.4;3.1;3.1;2015021
2016-01-02;23:00:00;20;100001;1;0;100007;1.3;5.5;9;2015021
2016-01-02;20:45:00;20;100002;2;0;100013;3.6;3.4;2.05;2015021
2016-01-03;21:30:00;20;100035;0;3;100018;3.3;3.3;2.2;2015021
2016-01-02;23:00:00;20;100020;2;1;100015;1.57;4;6;2015021
2016-01-04;0:00:00;20;100010;1;1;100017;2.5;3.5;2.7;2015021
2016-01-02;23:00:00;20;100003;2;1;100014;2.7;2.9;2.9;2015021
2016-01-02;23:00:00;20;100036;0;0;100047;1.95;3.6;3.75;2015021
2016-01-02;23:00:00;20;100016;1;0;100019;3.3;3.3;2.2;2015021
2016-01-14;4:00:00;21;100013;3;3;100001;2.8;3.5;2.4;2015022
2016-01-13;3:45:00;21;100047;1;3;100002;1.91;3.5;4;2015022
2016-01-13;3:45:00;21;100012;1;0;100035;3.1;3.1;2.4;2015022
2016-01-14;3:45:00;21;100015;2;4;100011;1.8;3.4;4.8;2015022
2016-01-14;3:45:00;21;100009;0;0;100010;1.5;4.4;6;2015022
2016-01-14;4:00:00;21;100017;0;1;100036;1.83;3.6;4.2;2015022
2016-01-14;3:45:00;21;100014;3;1;100016;1.91;3.4;4.2;2015022
2016-01-14;3:45:00;21;100019;2;0;100034;1.8;3.6;4.4;2015022
2016-01-13;3:45:00;21;100007;3;3;100020;4.33;3.5;1.85;2015022
2016-01-14;3:45:00;21;100018;2;2;100003;1.36;4.6;9;2015022
2016-01-16;23:00:00;22;100009;4;0;100035;1.36;4.8;8.5;2015023
2016-01-16;20:45:00;22;100017;4;1;100011;1.3;5.5;9.5;2015023
2016-01-19;4:00:00;22;100015;1;0;100034;2.4;3.1;3.1;2015023
2016-01-16;23:00:00;22;100018;3;3;100010;1.7;3.75;4.8;2015023
2016-01-18;0:15:00;22;100014;0;0;100001;4.2;3.6;1.83;2015023
2016-01-16;23:00:00;22;100019;3;0;100003;1.67;3.6;5.5;2015023
2016-01-16;23:00:00;22;100007;2;1;100002;2.5;3.3;2.8;2015023
2016-01-17;22:05:00;22;100013;0;1;100020;2.38;3.25;3;2015023
2016-01-17;1:30:00;22;100012;1;1;100036;3.6;3.3;2.1;2015023
2016-01-16;23:00:00;22;100047;3;0;100016;1.91;3.5;4;2015023
2016-01-23;23:00:00;23;100020;0;1;100019;1.85;3.3;4.6;2015024
2016-01-23;23:00:00;23;100003;0;0;100012;2.05;3.1;4;2015024
2016-01-23;23:00:00;23;100035;1;3;100017;3.5;3.25;2.38;2015024
2016-01-23;23:00:00;23;100011;1;1;100047;3;3.25;2.38;2015024
2016-01-24;1:30:00;23;100002;2;2;100009;4.8;3.8;1.7;2015024
2016-01-23;23:00:00;23;100034;2;1;100007;2.05;3.4;3.6;2015024
2016-01-25;0:00:00;23;100001;0;1;100018;2.05;3.4;3.6;2015024
2016-01-24;1:30:00;23;100010;1;2;100015;1.62;3.8;5.5;2015024
2016-01-23;20:45:00;23;100016;4;5;100013;4;3.4;1.95;2015024
2016-01-23;23:00:00;23;100036;3;0;100014;2;3.4;3.8;2015024
2016-02-03;3:45:00;24;100002;2;0;100012;1.85;3.4;4.4;2015025
2016-02-03;4:00:00;24;100020;3;0;100014;1.75;3.5;5;2015025
2016-02-03;3:45:00;24;100036;2;0;100013;2.6;3.2;2.75;2015025
2016-02-03;4:00:00;24;100035;1;2;100047;2.25;3.25;3.25;2015025
2016-02-04;3:45:00;24;100034;0;0;100018;4.2;3.25;1.95;2015025
2016-02-03;3:45:00;24;100016;0;3;100017;4.33;3.5;1.85;2015025
2016-02-03;3:45:00;24;100011;0;1;100009;6.5;4.2;1.5;2015025
2016-02-03;3:45:00;24;100001;0;0;100019;1.8;3.5;4.6;2015025
2016-02-03;4:00:00;24;100003;1;1;100015;2.6;2.9;3;2015025
2016-02-04;3:45:00;24;100010;3;0;100007;1.67;4;4.8;2015025
2016-02-06;20:45:00;25;100009;1;3;100036;1.53;4.2;6;2015026
2016-02-06;23:00:00;25;100014;0;3;100010;2.5;3.3;2.8;2015026
2016-02-06;23:00:00;25;100007;1;0;100003;1.95;3.25;4.2;2015026
2016-02-06;23:00:00;25;100015;1;1;100035;2.25;3.2;3.3;2015026
2016-02-06;23:00:00;25;100013;2;2;100011;1.35;4.75;9;2015026
2016-02-07;21:30:00;25;100047;0;2;100001;3.3;3.4;2.15;2015026
2016-02-06;23:00:00;25;100017;1;0;100034;1.5;4;7;2015026
2016-02-07;1:30:00;25;100019;1;0;100002;1.67;3.6;5.5;2015026
2016-02-08;0:00:00;25;100018;1;1;100020;2;3.1;4.2;2015026
2016-02-06;23:00:00;25;100012;2;0;100016;2.3;3.2;3.2;2015026
2016-02-13;23:00:00;26;100035;1;2;100034;2.25;3.2;3.3;2015027
2016-02-15;0:15:00;26;100009;1;2;100017;1.91;3.75;3.75;2015027
2016-02-13;23:00:00;26;100016;2;2;100002;2.5;3.2;2.87;2015027
2016-02-13;23:00:00;26;100047;1;3;100014;2.1;3.25;3.6;2015027
2016-02-14;1:30:00;26;100018;5;1;100007;1.5;4.2;6.5;2015027
2016-02-13;23:00:00;26;100010;0;1;100003;1.61;3.8;5.5;2015027
2016-02-13;20:45:00;26;100011;2;1;100020;4.75;3.4;1.8;2015027
2016-02-13;23:00:00;26;100015;0;1;100019;3.1;3.1;2.4;2015027
2016-02-14;20:00:00;26;100001;2;1;100036;1.85;3.75;4;2015027
2016-02-14;22:05:00;26;100012;0;6;100013;4;3.4;1.95;2015027
2016-02-27;23:00:00;27;100034;0;0;100047;2.38;3.25;3;2015028
2016-02-27;20:45:00;27;100002;1;0;100011;1.83;3.6;4.2;2015028
2016-02-28;1:30:00;27;100003;3;2;100035;2.6;3;2.9;2015028
2016-02-28;22:05:00;27;100020;3;2;100001;2.5;3.2;2.88;2015028
2016-02-27;23:00:00;27;100014;2;1;100012;1.67;3.6;5.5;2015028
2016-04-20;2:45:00;27;100007;1;1;100009;5;4.2;1.6;2015037
2016-02-27;23:00:00;27;100019;1;2;100018;2.62;3.1;2.8;2015028
2016-02-27;23:00:00;27;100036;1;0;100016;1.5;4.2;6.5;2015028
2016-02-28;22:05:00;27;100017;2;1;100015;1.5;4;7;2015028
2016-04-21;3:00:00;27;100013;4;0;100010;1.7;3.8;4.8;2015037
2016-03-03;4:00:00;28;100013;3;0;100009;2.6;3.4;2.62;2015029
2016-03-02;3:45:00;28;100012;1;3;100010;4.33;3.5;1.85;2015029
2016-03-03;3:45:00;28;100002;1;0;100017;3.75;3.4;2;2015029
2016-03-02;3:45:00;28;100011;2;2;100035;2.5;3.2;2.88;2015029
2016-03-02;3:45:00;28;100036;2;2;100003;1.55;4;6;2015029
2016-03-02;3:45:00;28;100047;2;0;100019;2.9;3.2;2.5;2015029
2016-03-03;4:00:00;28;100020;1;0;100034;1.67;3.6;5.5;2015029
2016-03-02;3:45:00;28;100016;1;2;100018;5;4;1.65;2015029
2016-03-03;3:45:00;28;100001;1;2;100015;1.36;4.6;9;2015029
2016-03-03;3:45:00;28;100014;1;0;100007;1.85;3.5;4.33;2015029
2016-03-05;20:45:00;29;100017;2;2;100001;2.45;3.4;2.8;2015030
2016-03-07;0:00:00;29;100003;1;0;100020;4.75;3.4;1.8;2015030
2016-03-06;21:30:00;29;100035;1;2;100013;3.5;3.25;2.15;2015030
2016-03-05;23:00:00;29;100015;1;0;100016;1.91;3.5;4;2015030
2016-03-06;1:30:00;29;100034;0;1;100036;2.8;3.3;2.5;2015030
2016-03-05;23:00:00;29;100018;1;1;100014;1.5;4;7;2015030
2016-03-05;23:00:00;29;100009;4;0;100012;1.25;6;11;2015030
2016-03-05;23:00:00;29;100007;1;3;100047;2.6;3.4;2.62;2015030
2016-03-05;23:00:00;29;100010;2;3;100002;1.75;3.75;4.5;2015030
2016-03-05;23:00:00;29;100019;1;1;100011;1.5;4;7;2015030
2016-04-22;2:45:00;30;100001;2;0;100003;1.25;6;11;2015037
2016-03-14;0:00:00;30;100012;0;2;100017;5;4;1.6;2015031
2016-03-12;20:45:00;30;100016;0;0;100009;4.6;3.8;1.73;2015031
2016-05-12;2:45:00;30;100011;3;0;100010;1.73;3.75;4;2015041
2016-03-15;4:00:00;30;100036;1;0;100007;1.7;3.8;4.8;2015031
2016-04-21;3:00:00;30;100020;2;0;100035;1.5;4;7;2015037
2016-05-12;23:00:00;30;100013;1;1;100018;2;3.2;3.2;2015041
2016-04-21;2:45:00;30;100002;3;1;100034;1.7;3.75;4.8;2015037
2016-03-12;23:00:00;30;100014;1;2;100019;2.9;3.2;2.5;2015031
2016-03-12;23:00:00;30;100047;3;2;100015;2;3.4;3.8;2015031
2016-03-19;23:00:00;31;100018;2;2;100002;1.7;3.75;4.8;2015032
2016-03-20;21:30:00;31;100007;1;1;100011;2.15;3.25;3.5;2015032
2016-03-20;21:30:00;31;100019;3;2;100013;2.6;3.2;2.75;2015032
2016-03-19;23:00:00;31;100034;1;2;100014;2.5;3.2;2.88;2015032
2016-03-19;23:00:00;31;100003;0;1;100016;2.2;3.2;3.4;2015032
2016-03-21;0:00:00;31;100009;0;1;100020;1.73;3.75;4.5;2015032
2016-03-20;1:30:00;31;100015;1;0;100012;1.67;3.5;5.5;2015032
2016-03-19;20:45:00;31;100010;0;2;100001;2.5;3.6;2.6;2015032
2016-03-21;0:00:00;31;100017;3;0;100047;1.57;4;5.5;2015032
2016-03-19;23:00:00;31;100035;0;1;100036;2.9;3.3;2.4;2015032
2016-04-02;22:00:00;32;100011;0;0;100003;2.15;3.2;3.6;2015033
2016-04-02;22:00:00;32;100014;2;2;100015;2.15;3.2;3.6;2015033
2016-04-02;22:00:00;32;100047;0;4;100009;4.2;3.6;1.83;2015033
2016-04-02;22:00:00;32;100016;3;2;100007;2.25;3.3;3.2;2015033
2016-04-03;23:00:00;32;100020;1;0;100010;2.05;3.4;3.6;2015033
2016-04-02;22:00:00;32;100002;2;2;100035;2;3.4;3.75;2015033
2016-04-03;0:30:00;32;100013;1;1;100017;2.3;3.3;3.1;2015033
2016-04-03;20:30:00;32;100036;1;0;100019;2.3;3.2;3.2;2015033
2016-04-02;22:00:00;32;100001;4;0;100034;1.36;4.75;8.5;2015033
2016-04-02;19:45:00;32;100012;0;4;100018;6.5;4.2;1.5;2015033
2016-04-09;22:00:00;33;100034;1;1;100010;3.5;3.25;2.15;2015034
2016-04-09;19:45:00;33;100002;3;3;100001;4.2;3.6;1.83;2015034
2016-04-10;23:00:00;33;100013;4;1;100014;1.6;3.75;6;2015034
2016-04-10;23:30:00;33;100017;3;0;100020;1.95;3.5;3.8;2015034
2016-04-09;22:00:00;33;100012;1;2;100047;3.5;3.25;2.15;2015034
2016-04-10;20:30:00;33;100011;0;2;100036;3.4;3.3;2.15;2015034
2016-04-09;22:00:00;33;100015;1;0;100018;3.6;3.3;2.1;2015034
2016-04-10;0:30:00;33;100009;2;1;100003;1.4;4.5;8;2015034
2016-04-09;22:00:00;33;100019;3;1;100007;1.53;3.8;7;2015034
2016-04-09;22:00:00;33;100035;1;0;100016;2;3.4;3.8;2015034
2016-04-17;20:30:00;34;100047;1;2;100013;3.4;3.3;2.15;2015036
2016-04-19;3:00:00;34;100014;0;4;100017;4.4;3.5;1.83;2015036
2016-04-17;23:00:00;34;100001;1;1;100035;1.35;4.8;9;2015036
2016-04-17;0:30:00;34;100018;0;3;100009;2.5;3.4;2.75;2015036
2016-04-16;22:00:00;34;100007;3;0;100015;2.38;3.2;3.1;2015036
2016-04-16;19:45:00;34;100016;0;3;100011;2.38;3.25;3;2015036
2016-04-16;22:00:00;34;100003;0;1;100034;2.3;3.2;3.2;2015036
2016-04-16;22:00:00;34;100020;1;0;100012;1.22;5.5;17;2015036
2016-04-16;22:00:00;34;100010;1;1;100019;2.25;3.3;3.2;2015036
2016-04-17;20:30:00;34;100036;2;2;100002;2.05;3.6;3.4;2015036
2016-04-14;3:00:00;35;100035;0;0;100010;2.8;3.1;2.25;2015035
2016-04-23;22:00:00;35;100013;2;2;100007;1.5;4.2;6.5;2015038
2016-04-24;23:15:00;35;100036;4;0;100015;1.8;3.4;4.75;2015038
2016-04-23;22:00:00;35;100012;2;4;100019;6;3.75;1.6;2015038
2016-04-26;3:00:00;35;100017;1;1;100003;1.29;5;12;2015038
2016-05-12;2:45:00;35;100016;4;2;100034;1.83;3.5;3.8;2015041
2016-04-24;21:05:00;35;100011;0;0;100001;4.6;3.8;1.73;2015038
2016-05-11;3:30:00;35;100002;3;2;100020;2.7;3.3;2.4;2015041
2016-04-23;22:00:00;35;100047;1;4;100018;2.88;3.3;2.45;2015038
2016-04-23;19:45:00;35;100009;4;0;100014;1.36;4.75;8.5;2015038
2016-04-30;22:00:00;36;100007;1;0;100035;1.91;3.3;4.33;2015039
2016-04-30;22:00:00;36;100014;1;1;100011;2.45;3.25;2.9;2015039
2016-05-01;23:30:00;36;100019;4;2;100009;3.2;3.4;2.2;2015039
2016-05-01;21:05:00;36;100020;1;1;100036;1.95;3.4;4;2015039
2016-05-03;3:00:00;36;100018;2;2;100017;3.1;3.4;2.25;2015039
2016-04-30;22:00:00;36;100034;3;2;100012;1.7;3.75;4.8;2015039
2016-04-30;22:00:00;36;100003;0;3;100002;3.2;3.2;2.3;2015039
2016-05-01;0:30:00;36;100001;1;0;100016;1.25;6;11;2015039
2016-04-30;22:00:00;36;100010;2;1;100047;1.85;3.75;4;2015039
2016-05-01;19:00:00;36;100015;3;1;100013;3.5;3.5;2.05;2015039
2016-05-07;22:00:00;37;100035;2;1;100014;2.15;3.3;3.4;2015040
2016-05-07;22:00:00;37;100011;3;2;100018;2.8;3.5;2.4;2015040
2016-05-08;23:00:00;37;100009;2;2;100001;2.3;3.4;3;2015040
2016-05-08;20:30:00;37;100017;1;2;100019;1.65;4;5;2015040
2016-05-07;19:45:00;37;100016;0;1;100020;3.8;3.5;1.95;2015040
2016-05-08;0:30:00;37;100036;3;1;100010;1.7;4;5;2015040
2016-05-07;22:00:00;37;100012;0;0;100007;5;4;1.65;2015040
2016-05-08;23:00:00;37;100013;2;0;100034;1.4;4.5;8;2015040
2016-05-07;22:00:00;37;100002;1;4;100015;1.55;4;6;2015040
2016-05-07;22:00:00;37;100047;1;1;100003;2;3.5;3.6;2015040
2016-05-15;22:00:00;38;100015;1;1;100009;4.5;3.5;1.62;2015042
2016-05-15;22:00:00;38;100019;4;1;100035;1.44;3.75;6;2015042
2016-05-15;22:00:00;38;100007;5;1;100017;2.75;3.2;2.25;2015042
2016-05-15;22:00:00;38;100034;2;2;100011;2.5;3.1;2.5;2015042
2016-05-15;22:00:00;38;100010;3;0;100016;2;3.2;3.2;2015042
2016-05-15;22:00:00;38;100018;1;1;100036;2.1;3.2;3;2015042
2016-05-18;3:00:00;38;100020;3;1;100047;1.57;4.2;5.5;2015042
2016-05-15;22:00:00;38;100001;4;0;100012;1.17;5.5;12;2015042
2016-05-15;22:00:00;38;100014;2;1;100002;2.5;3.1;2.5;2015042
2016-05-15;22:00:00;38;100003;1;1;100013;2.62;3.1;2.38;2015042
100047;AFC Bournemouth;Bournemouth;伯恩茅斯;般尼茅夫;2015001