2013-08-17;19:45:00;1;100013;1;0;100014;1.4;3.75;7;2013001
2013-08-17;22:00:00;1;100016;2;2;100010;2.8;3.2;2.2;2013001
2013-08-17;22:00:00;1;100002;2;0;100046;1.91;3.2;3.5;2013001
2013-08-17;22:00:00;1;100011;0;1;100006;2.2;3.2;2.8;2013001
2013-08-17;22:00:00;1;100003;0;1;100019;2.25;3.2;2.75;2013001
2013-08-17;22:00:00;1;100001;1;3;100012;1.36;4;7;2013001
2013-08-18;0:30:00;1;100015;1;4;100020;4.5;3.5;1.62;2013001
2013-08-18;20:30:00;1;100035;0;1;100017;4.5;3.5;1.62;2013001
2013-08-18;23:00:00;1;100018;2;0;100026;1.14;6;12;2013001
2013-08-20;3:00:00;1;100009;4;0;100007;1.29;4.5;8;2013001
2013-08-24;19:45:00;2;100006;1;3;100001;3.8;3.5;1.73;2013001
2013-08-24;22:00:00;2;100026;1;0;100016;2.4;3.1;2.6;2013001
2013-08-24;22:00:00;2;100007;0;0;100002;2.1;3.2;3;2013001
2013-08-24;22:00:00;2;100019;1;1;100011;2;3.2;3.2;2013001
2013-08-24;22:00:00;2;100010;0;0;100003;1.62;3.5;4.5;2013001
2013-08-24;22:00:00;2;100014;2;1;100035;1.8;3.25;3.8;2013001
2013-08-25;0:30:00;2;100012;0;1;100013;3.75;3.2;1.83;2013001
2013-08-25;23:00:00;2;100017;1;0;100015;1.57;3.5;5;2013001
2013-08-25;23:00:00;2;100046;3;2;100009;7;3.75;1.4;2013001
2013-08-27;3:00:00;2;100020;0;0;100018;2.2;3.2;5.5;2013001
2013-08-22;2:45:00;3;100018;2;1;100012;1.25;4.5;10;2013001
2013-08-31;19:45:00;3;100009;2;0;100026;1.14;6;12;2013002
2013-08-31;22:00:00;3;100002;0;1;100014;2;3.2;3.2;2013002
2013-08-31;22:00:00;3;100007;1;0;100006;1.91;3.2;3.5;2013002
2013-08-31;22:00:00;3;100046;0;0;100010;3.75;3.2;1.83;2013002
2013-08-31;22:00:00;3;100016;1;0;100019;2.4;3.1;2.6;2013002
2013-09-01;0:30:00;3;100035;3;1;100011;2.5;3.1;2.5;2013002
2013-09-01;20:30:00;3;100013;1;0;100020;2.62;3.2;2.3;2013002
2013-09-01;20:30:00;3;100003;0;2;100015;2.2;3.2;2.8;2013002
2013-09-01;23:00:00;3;100001;1;0;100017;2;3.2;3.2;2013002
2013-09-14;19:45:00;4;100020;2;0;100035;1.22;6;13;2013002
2013-09-14;22:00:00;4;100011;1;3;100001;4.5;3.75;1.75;2013002
2013-09-14;22:00:00;4;100026;1;1;100046;2.4;3.2;3;2013002
2013-09-14;22:00:00;4;100012;1;2;100007;2.25;3.3;3.2;2013002
2013-09-14;22:00:00;4;100017;2;0;100016;1.5;4.2;6.5;2013002
2013-09-14;22:00:00;4;100006;1;1;100003;2.05;3.5;3.5;2013002
2013-09-14;22:00:00;4;100014;0;0;100009;5;3.8;1.67;2013002
2013-09-15;0:30:00;4;100010;1;0;100018;3.5;3.4;2.1;2013002
2013-09-15;23:00:00;4;100019;0;0;100002;1.91;3.5;4;2013002
2013-09-17;3:00:00;4;100015;2;2;100013;3.4;3.5;2.1;2013002
2013-09-21;19:45:00;5;100016;0;1;100012;2.4;3.4;2.8;2013002
2013-09-21;22:00:00;5;100003;3;0;100011;2;3.3;3.75;2013002
2013-09-21;22:00:00;5;100007;2;3;100026;1.8;3.5;4.5;2013002
2013-09-21;22:00:00;5;100002;2;3;100010;2.88;3.3;2.4;2013002
2013-09-21;22:00:00;5;100013;0;1;100019;1.4;4.5;8;2013002
2013-09-22;0:30:00;5;100018;2;0;100006;1.29;5.5;9.5;2013002
2013-09-22;20:30:00;5;100001;3;1;100014;1.33;4.8;9.5;2013002
2013-09-22;20:30:00;5;100035;0;2;100015;2.8;3.4;2.4;2013002
2013-09-22;23:00:00;5;100009;4;1;100020;2.15;3.3;3.4;2013002
2013-09-22;23:00:00;5;100046;0;1;100017;4;3.4;1.91;2013002
2013-09-28;19:45:00;6;100017;1;1;100018;2.6;3.2;2.5;2013002
2013-09-28;22:00:00;6;100020;1;2;100003;1.25;5;10;2013002
2013-09-28;22:00:00;6;100019;2;0;100035;1.53;3.8;5.5;2013002
2013-09-28;22:00:00;6;100006;1;2;100046;1.91;3.5;3.5;2013002
2013-09-28;22:00:00;6;100026;1;0;100002;2.4;3.2;2.75;2013002
2013-09-28;22:00:00;6;100012;3;2;100009;5.5;3.6;1.57;2013002
2013-09-29;0:30:00;6;100015;1;2;100001;3.3;3.2;2.1;2013002
2013-09-29;20:30:00;6;100014;0;1;100016;2;3.2;3.5;2013002
2013-09-29;23:00:00;6;100011;1;3;100013;5;3.4;1.67;2013002
2013-10-01;3:00:00;6;100010;3;2;100007;1.57;3.8;5;2013002
2013-10-05;19:45:00;7;100009;3;1;100010;1.6;4.2;5;2013002
2013-10-05;22:00:00;7;100046;1;2;100007;2.38;3.4;2.9;2013002
2013-10-05;22:00:00;7;100006;1;0;100014;2.3;3.3;3.1;2013002
2013-10-05;22:00:00;7;100026;0;0;100012;2.3;3.3;3.1;2013002
2013-10-05;22:00:00;7;100013;3;1;100035;1.22;6;13;2013002
2013-10-06;0:30:00;7;100011;1;2;100020;5.5;4;1.6;2013002
2013-10-06;20:30:00;7;100016;1;3;100018;5.5;4;1.6;2013002
2013-10-06;20:30:00;7;100019;2;0;100015;2.05;3.4;3.6;2013002
2013-10-06;23:00:00;7;100003;1;1;100001;4;3.75;1.85;2013002
2013-10-06;23:00:00;7;100017;0;3;100002;1.44;4.4;7;2013002
2013-10-19;19:45:00;8;100007;2;2;100013;4;3.75;1.83;2013002
2013-10-19;22:00:00;8;100014;0;0;100003;2.2;3.2;3.4;2013002
2013-10-19;22:00:00;8;100001;4;1;100016;1.29;5.5;9.5;2013002
2013-10-19;22:00:00;8;100015;4;0;100011;1.6;4;5.5;2013002
2013-10-19;22:00:00;8;100020;1;1;100019;1.6;4;5.5;2013002
2013-10-19;22:00:00;8;100010;2;1;100026;1.5;4;7;2013002
2013-10-19;22:00:00;8;100018;4;1;100046;1.29;5;11;2013002
2013-10-20;0:30:00;8;100002;1;3;100009;4.8;3.8;1.7;2013002
2013-10-20;23:00:00;8;100012;0;2;100017;3.75;3.4;2;2013002
2013-10-22;3:00:00;8;100035;1;4;100006;2.62;3.25;2.7;2013002
2013-10-26;19:45:00;9;100035;0;2;100001;7;4.4;1.44;2013002
2013-10-26;22:00:00;9;100016;0;0;100046;2.2;3.3;3.3;2013002
2013-10-26;22:00:00;9;100012;0;2;100010;3.5;3.4;2.1;2013002
2013-10-26;22:00:00;9;100013;4;1;100003;1.36;4.8;8.5;2013002
2013-10-26;22:00:00;9;100020;3;2;100014;1.36;4.75;8.5;2013002
2013-10-27;0:30:00;9;100019;2;0;100006;1.6;4;5.5;2013002
2013-10-27;21:30:00;9;100011;2;1;100007;2.62;3.4;2.6;2013002
2013-10-27;23:59:00;9;100018;2;1;100009;2.38;3.4;2.9;2013002
2013-10-27;23:59:00;9;100015;0;0;100002;1.75;3.75;4.5;2013002
2013-10-27;23:59:00;9;100017;1;0;100026;1.5;4;7;2013002
2013-11-02;20:45:00;10;100007;2;0;100018;4.8;3.8;1.7;2013002
2013-11-02;23:00:00;10;100026;1;0;100011;2.05;3.4;3.6;2013002
2013-11-02;23:00:00;10;100002;0;0;100012;2.15;3.4;3.3;2013002
2013-11-02;23:00:00;10;100014;1;1;100019;3.1;3.1;2.4;2013002
2013-11-02;23:00:00;10;100003;2;0;100035;1.55;4;6;2013002
2013-11-02;23:00:00;10;100009;7;0;100016;1.22;6;13;2013002
2013-11-02;23:00:00;10;100006;1;3;100020;5.5;4;1.6;2013002
2013-11-03;1:30:00;10;100001;2;0;100013;2.15;3.5;3.25;2013002
2013-11-03;21:30:00;10;100010;0;0;100017;2.5;3.3;2.8;2013002
2013-11-03;23:59:00;10;100046;1;0;100015;3.3;3.3;2.2;2013002
2013-11-09;23:00:00;11;100035;0;0;100010;5;4;1.5;2013002
2013-11-09;23:00:00;11;100018;2;2;100003;1.28;4.6;8;2013002
2013-11-09;23:00:00;11;100013;4;0;100006;1.2;5.5;9.5;2013002
2013-11-09;23:00:00;11;100019;4;1;100026;1.5;3.5;6;2013002
2013-11-09;23:00:00;11;100012;2;0;100046;1.85;3.3;3.6;2013002
2013-11-10;1:30:00;11;100016;3;1;100002;2.4;3.1;2.62;2013002
2013-11-10;20:00:00;11;100017;0;1;100007;1.5;4.33;6;2013002
2013-11-10;22:05:00;11;100011;1;0;100009;7;4.5;1.44;2013002
2013-11-11;0:10:00;11;100015;3;3;100014;1.8;3.4;4.8;2013002
2013-11-11;0:10:00;11;100020;1;0;100001;2.15;3.5;3.25;2013002
2013-11-23;20:45:00;12;100010;3;3;100013;2.88;3.4;2.38;2013002
2013-11-23;23:00:00;12;100001;2;0;100019;1.55;4;6;2013002
2013-11-23;23:00:00;12;100026;0;1;100035;1.91;3.3;4.33;2013002
2013-11-23;23:00:00;12;100006;1;2;100015;3.2;3.3;2.25;2013002
2013-11-23;23:00:00;12;100007;2;1;100016;1.8;3.75;4.2;2013002
2013-11-23;23:00:00;12;100014;2;0;100011;1.95;3.4;4;2013002
2013-11-24;1:30:00;12;100002;0;3;100018;5;3.8;1.67;2013002
2013-11-24;21:30:00;12;100009;6;0;100017;1.7;3.8;4.8;2013002
2013-11-24;23:59:00;12;100046;2;2;100020;5.5;4;1.6;2013002
2013-11-26;4:00:00;12;100003;2;2;100012;2;3.4;3.75;2013002
2013-11-30;23:00:00;13;100012;0;0;100011;2;3.4;3.8;2013002
2013-11-30;23:00:00;13;100016;1;0;100035;1.85;3.5;4.33;2013002
2013-11-30;23:00:00;13;100010;4;0;100014;1.6;4;5.5;2013002
2013-11-30;23:00:00;13;100046;0;3;100001;5;4;1.65;2013002
2013-11-30;23:00:00;13;100002;3;0;100006;1.91;3.5;4;2013002
2013-12-01;1:30:00;13;100007;2;1;100003;2;3.4;3.75;2013002
2013-12-01;20:00:00;13;100017;2;2;100020;2.62;3.4;2.6;2013002
2013-12-01;22:05:00;13;100026;3;1;100013;5;4;1.65;2013002
2013-12-02;0:10:00;13;100009;3;0;100015;1.3;5.5;9.5;2013002
2013-12-02;0:10:00;13;100018;3;1;100019;1.44;4.33;7.5;2013002
2013-12-04;4:00:00;14;100035;1;0;100002;2.7;3;2.6;2013002
2013-12-05;3:45:00;14;100014;0;0;100046;1.95;3.2;3.8;2013002
2013-12-05;3:45:00;14;100011;3;4;100018;5.5;4;1.53;2013002
2013-12-05;3:45:00;14;100015;3;0;100007;2;3.4;3.4;2013002
2013-12-05;3:45:00;14;100001;2;0;100026;1.18;6;13;2013002
2013-12-05;3:45:00;14;100013;5;1;100016;1.22;6;10;2013002
2013-12-05;3:45:00;14;100019;2;3;100012;1.55;3.6;6;2013002
2013-12-05;3:45:00;14;100020;0;1;100010;1.8;3.5;4;2013002
2013-12-05;4:00:00;14;100006;1;2;100017;4.6;3.5;1.7;2013002
2013-12-05;4:00:00;14;100003;2;3;100009;5;3.8;1.6;2013002
2013-12-07;20:45:00;15;100020;0;1;100007;1.5;4.33;6;2013002
2013-12-07;23:00:00;15;100035;2;0;100046;2.6;3.2;2.75;2013002
2013-12-07;23:00:00;15;100013;4;1;100002;1.33;5;8.5;2013002
2013-12-07;23:00:00;15;100019;1;1;100009;4.33;3.6;1.8;2013002
2013-12-07;23:00:00;15;100003;0;2;100016;1.91;3.5;4;2013002
2013-12-07;23:00:00;15;100014;3;2;100018;5.5;3.6;1.67;2013002
2013-12-08;1:30:00;15;100011;1;2;100017;4.33;3.5;1.83;2013002
2013-12-08;21:30:00;15;100006;2;0;100012;2.62;3.4;2.6;2013002
2013-12-08;23:59:00;15;100001;1;1;100010;1.7;3.8;4.8;2013002
2013-12-10;4:00:00;15;100015;1;1;100026;1.8;3.3;4.8;2013002
2013-12-14;20:45:00;16;100009;6;3;100001;1.95;3.75;3.6;2013002
2013-12-14;23:00:00;16;100018;2;1;100035;1.22;6;13;2013002
2013-12-14;23:00:00;16;100010;4;1;100006;1.35;4.8;9;2013002
2013-12-14;23:00:00;16;100046;1;0;100003;2.38;3.25;3;2013002
2013-12-14;23:00:00;16;100007;1;1;100019;2.38;3.4;2.9;2013002
2013-12-14;23:00:00;16;100002;0;0;100011;1.91;3.5;4;2013002
2013-12-15;1:30:00;16;100026;0;0;100014;2.25;3.1;3.4;2013002
2013-12-15;21:30:00;16;100016;1;1;100015;2.8;3.3;2.5;2013002
2013-12-15;21:30:00;16;100012;0;3;100020;5;3.8;1.67;2013002
2013-12-15;23:59:00;16;100017;0;5;100013;2.6;3.4;2.62;2013002
2013-12-21;20:45:00;17;100013;3;1;100046;1.22;6;13;2013002
2013-12-21;23:00:00;17;100003;1;1;100026;1.91;3.5;4;2013002
2013-12-21;23:00:00;17;100020;3;1;100002;1.4;4.5;8;2013002
2013-12-21;23:00:00;17;100006;2;4;100009;8;5;1.36;2013002
2013-12-21;23:00:00;17;100014;2;1;100012;2.4;3.1;3.1;2013002
2013-12-21;23:00:00;17;100035;0;3;100007;2.9;3.25;2.45;2013002
2013-12-21;23:00:00;17;100011;0;0;100016;2.05;3.4;3.6;2013002
2013-12-22;21:30:00;17;100019;2;3;100017;2.7;3.3;2.6;2013002
2013-12-22;23:59:00;17;100015;1;2;100010;3.1;3.3;2.3;2013002
2013-12-24;4:00:00;17;100001;0;0;100018;2.38;3.4;2.9;2013002
2013-12-26;20:45:00;18;100026;2;3;100020;5;3.75;1.6;2013002
2013-12-26;23:00:00;18;100010;0;1;100011;1.4;4.33;7;2013002
2013-12-26;23:00:00;18;100018;1;0;100015;1.33;4.8;7.5;2013002
2013-12-26;23:00:00;18;100046;0;3;100019;3.2;3;2.25;2013002
2013-12-26;23:00:00;18;100012;0;1;100035;1.83;3.2;4.2;2013002
2013-12-26;23:00:00;18;100017;1;1;100003;1.53;3.8;5.5;2013002
2013-12-26;23:00:00;18;100007;5;1;100014;1.73;3.4;4.5;2013002
2013-12-26;23:00:00;18;100016;1;2;100006;2.05;3.4;3.25;2013002
2013-12-26;23:00:00;18;100002;1;3;100001;5.5;3.8;1.53;2013002
2013-12-27;1:30:00;18;100009;2;1;100013;1.7;4;4;2013002
2013-12-28;20:45:00;19;100002;3;3;100003;2.1;3.2;3;2013002
2013-12-28;23:00:00;19;100009;1;0;100035;1.12;6;15;2013002
2013-12-28;23:00:00;19;100026;6;0;100006;2.1;3.25;2.9;2013002
2013-12-28;23:00:00;19;100016;0;1;100020;5;3.5;1.57;2013002
2013-12-28;23:00:00;19;100012;1;1;100015;2.38;3.3;2.5;2013002
2013-12-29;1:30:00;19;100046;2;2;100011;2.1;3.2;3;2013002
2013-12-29;21:30:00;19;100007;0;1;100001;4;3.4;1.73;2013002
2013-12-29;21:30:00;19;100010;2;1;100019;1.73;3.4;4;2013002
2013-12-29;23:59:00;19;100018;2;1;100013;1.91;3.25;3.4;2013002
2013-12-29;23:59:00;19;100017;3;0;100014;1.44;3.75;6;2013002
2014-01-01;20:45:00;20;100015;2;3;100009;5;4.2;1.53;2013002
2014-01-01;23:00:00;20;100013;2;0;100026;1.22;6;9.5;2013002
2014-01-01;23:00:00;20;100003;1;0;100007;2.38;3.3;2.75;2013002
2014-01-01;23:00:00;20;100014;1;1;100010;3.6;3.2;2;2013002
2014-01-01;23:00:00;20;100019;0;3;100018;3.5;3.3;2;2013002
2014-01-01;23:00:00;20;100006;2;1;100002;2.38;3.3;2.75;2013002
2014-01-01;23:00:00;20;100001;2;0;100046;1.18;6;13;2013002
2014-01-01;23:00:00;20;100011;0;1;100012;2.05;3.25;3.4;2013002
2014-01-01;23:00:00;20;100035;1;1;100016;2.3;3;3.1;2013002
2014-01-02;1:30:00;20;100020;1;2;100017;1.6;3.8;5;2013002
2014-01-11;20:45:00;21;100026;0;2;100018;6;3.75;1.6;2013002
2014-01-11;23:00:00;21;100019;1;0;100003;1.73;3.6;4.75;2013002
2014-01-11;23:00:00;21;100017;2;0;100035;1.35;4.75;9;2013002
2014-01-11;23:00:00;21;100046;0;2;100002;2.3;3.3;3.1;2013002
2014-01-11;23:00:00;21;100010;2;0;100016;1.44;4.4;7;2013002
2014-01-11;23:00:00;21;100006;1;4;100011;2.25;3.4;3.1;2013002
2014-01-12;1:30:00;21;100020;2;0;100015;1.4;4.5;8;2013002
2014-01-12;22:05:00;21;100007;0;2;100009;4.5;4;1.7;2013002
2014-01-13;0:10:00;21;100014;3;5;100013;5;4;1.62;2013002
2014-01-14;4:00:00;21;100012;1;2;100001;6;4;1.53;2013002
2014-01-18;20:45:00;22;100011;2;2;100019;3.1;3.3;2.3;2013002
2014-01-18;23:00:00;22;100002;1;3;100007;2.8;3.5;2.4;2013002
2014-01-18;23:00:00;22;100035;1;0;100014;2.4;3.1;3.1;2013002
2014-01-18;23:00:00;22;100001;2;0;100006;1.25;6;11;2013002
2014-01-18;23:00:00;22;100009;4;2;100046;1.14;7.5;19;2013002
2014-01-18;23:00:00;22;100016;1;0;100026;2.25;3.2;3.3;2013002
2014-01-19;1:30:00;22;100013;2;2;100012;1.29;5.5;10;2013002
2014-01-19;21:30:00;22;100015;1;3;100017;2.9;3.4;2.38;2013002
2014-01-19;23:59:00;22;100018;3;1;100020;1.83;3.6;4.2;2013002
2014-01-21;4:00:00;22;100003;1;1;100010;3.2;3.4;2.2;2013002
2014-01-29;3:45:00;23;100020;2;0;100046;1.29;5;12;2013002
2014-01-29;3:45:00;23;100015;2;0;100006;1.7;3.6;5;2013002
2014-01-29;3:45:00;23;100016;0;0;100007;2.9;3.4;2.38;2013002
2014-01-29;3:45:00;23;100019;2;2;100001;3.75;3.4;2;2013002
2014-01-29;4:00:00;23;100013;4;0;100010;1.73;4;4.2;2013002
2014-01-29;4:00:00;23;100035;1;0;100026;2.4;3.1;3.1;2013002
2014-01-30;3:45:00;23;100011;1;0;100014;2.1;3.25;3.6;2013002
2014-01-30;3:45:00;23;100012;4;3;100003;2.6;3.4;2.62;2013002
2014-01-30;3:45:00;23;100017;1;5;100009;3.4;3.6;2.05;2013002
2014-01-30;3:45:00;23;100018;0;0;100002;1.22;6;13;2013002
2014-02-01;20:45:00;24;100007;0;3;100011;1.7;3.4;4.2;2013002
2014-02-01;20:45:00;24;100002;2;0;100015;2.62;3.1;2.38;2013002
2014-02-01;23:00:00;24;100046;2;1;100016;2.1;3.1;3.1;2013002
2014-02-01;23:00:00;24;100010;2;1;100012;1.3;4.4;8;2013002
2014-02-01;23:00:00;24;100014;2;1;100020;4.2;3.4;1.7;2013002
2014-02-01;23:00:00;24;100026;1;1;100017;3.4;3.2;1.95;2013002
2014-02-01;23:00:00;24;100006;0;3;100019;3.2;3.25;2;2013002
2014-02-02;21:30:00;24;100003;1;1;100013;4.2;3.6;1.65;2013002
2014-02-02;23:59:00;24;100001;2;0;100035;1.18;5.5;11;2013002
2014-02-04;4:00:00;24;100009;0;1;100018;1.8;3.5;3.6;2013002
2014-02-08;20:45:00;25;100013;5;1;100001;2.15;3.6;3.2;2013002
2014-02-08;23:00:00;25;100016;0;0;100009;9;5;1.33;2013002
2014-02-08;23:00:00;25;100011;0;2;100026;2.05;3.25;3.8;2013002
2014-02-08;23:00:00;25;100019;2;2;100014;1.6;3.75;6;2013002
2014-02-08;23:00:00;25;100012;0;2;100002;2.05;3.4;3.6;2013002
2014-02-08;23:00:00;25;100018;3;0;100007;1.29;5.5;11;2013002
2014-02-08;23:00:00;25;100035;3;1;100003;2.5;3.2;2.88;2013002
2014-02-09;1:30:00;25;100015;3;0;100046;1.7;3.75;4.8;2013002
2014-02-09;21:30:00;25;100017;1;0;100010;2.05;3.5;3.5;2013002
2014-02-09;23:59:00;25;100020;2;2;100006;1.22;6;13;2013002
2014-02-12;3:45:00;26;100002;2;0;100016;2;3.3;3.5;2013002
2014-02-12;3:45:00;26;100026;0;1;100019;2.9;3;2.45;2013002
2014-02-12;3:45:00;26;100046;0;0;100012;2.3;3.1;3;2013002
2014-02-12;4:00:00;26;100003;1;1;100018;5;3.75;1.6;2013002
2014-02-13;3:45:00;26;100001;0;0;100020;2;3.4;3.4;2013002
2014-02-13;3:45:00;26;100007;0;4;100017;2.9;3.3;2.25;2013002
2014-02-13;4:00:00;26;100006;2;3;100013;5.5;4.2;1.5;2013002
2014-02-13;4:00:00;26;100014;1;1;100015;2.3;3.1;3;2013002
2014-04-17;2:45:00;26;100009;2;2;100011;1.15;7.5;17;2013002
2014-04-17;2:45:00;26;100010;2;3;100035;1.4;4.4;8.5;2013002
2014-02-22;20:45:00;27;100018;1;0;100010;1.53;4;5.5;2013002
2014-02-22;23:00:00;27;100002;3;1;100019;2.8;3.1;2.45;2013002
2014-02-22;23:00:00;27;100003;1;1;100006;1.73;3.6;4.33;2013002
2014-02-22;23:00:00;27;100001;4;1;100011;1.25;5;11;2013002
2014-02-22;23:00:00;27;100009;1;0;100014;1.15;6.5;15;2013002
2014-02-22;23:00:00;27;100046;0;4;100026;2.3;3.1;3;2013002
2014-02-23;1:30:00;27;100035;0;2;100020;5.5;3.8;1.55;2013002
2014-02-23;21:30:00;27;100013;4;3;100015;1.29;5;9;2013002
2014-02-23;21:30:00;27;100007;1;0;100012;2.05;3.25;3.4;2013002
2014-02-23;23:59:00;27;100016;1;0;100017;3.5;3.3;2;2013002
2014-03-01;23:00:00;28;100010;1;0;100002;1.44;4.33;7.5;2013002
2014-03-01;23:00:00;28;100006;1;3;100018;7;4.5;1.44;2013002
2014-03-01;23:00:00;28;100026;1;4;100007;2.4;3.1;3.1;2013002
2014-03-01;23:00:00;28;100014;1;0;100001;5.5;4;1.6;2013002
2014-03-02;1:30:00;28;100019;0;3;100013;3.4;3.6;2.05;2013002
2014-03-03;0:30:00;28;100015;1;1;100035;1.75;3.75;4.5;2013002
2014-03-03;0:30:00;28;100017;1;0;100046;1.35;4.8;9;2013002
2014-03-03;0:30:00;28;100012;4;1;100016;2.05;3.4;3.6;2013002
2014-03-26;3:45:00;28;100020;0;3;100009;3;3.75;2.15;2013002
2014-05-08;2:45:00;28;100011;2;0;100003;1.73;3.4;4;2013002
2014-03-08;20:45:00;29;100003;0;3;100020;4.6;3.5;1.7;2013002
2014-03-08;23:00:00;29;100046;3;1;100006;2.15;3.3;3.1;2013002
2014-03-08;23:00:00;29;100016;1;1;100014;2.15;3.1;3.3;2013002
2014-03-08;23:00:00;29;100035;0;1;100019;3.2;3.2;2.15;2013002
2014-03-09;1:30:00;29;100018;4;0;100017;1.55;3.8;5.5;2013002
2014-03-26;3:45:00;29;100007;0;3;100010;3.1;3.4;2.25;2013002
2014-03-26;3:45:00;29;100001;2;2;100015;1.44;4.4;7;2013002
2014-03-27;3:45:00;29;100002;2;1;100026;2.25;3.2;3.3;2013002
2014-03-27;4:00:00;29;100013;2;1;100011;1.22;6;13;2013002
2014-05-08;2:45:00;29;100009;4;0;100012;1.14;6;12;2013002
2014-03-15;20:45:00;30;100026;0;2;100009;7;4.4;1.44;2013002
2014-03-15;23:00:00;30;100014;3;1;100002;2.15;3.2;3.5;2013002
2014-03-15;23:00:00;30;100011;0;0;100035;2.15;3.2;3.6;2013002
2014-03-15;23:00:00;30;100006;1;0;100007;2.8;3.5;2.4;2013002
2014-03-15;23:00:00;30;100019;4;2;100016;1.6;3.75;6;2013002
2014-03-15;23:00:00;30;100015;1;2;100003;2;3.4;3.75;2013002
2014-03-15;23:00:00;30;100010;2;1;100046;1.4;4.5;8;2013002
2014-03-16;1:30:00;30;100012;1;0;100018;7;4;1.5;2013002
2014-03-16;21:30:00;30;100020;0;3;100013;2.3;3.6;2.88;2013002
2014-03-16;23:59:00;30;100017;0;1;100001;2.8;3.3;2.5;2013002
2014-03-22;20:45:00;31;100018;6;0;100001;1.91;3.4;4;2013002
2014-03-22;23:00:00;31;100010;3;2;100015;1.57;4;5.5;2013002
2014-03-22;23:00:00;31;100026;2;0;100003;2.15;3.3;3.4;2013002
2014-03-22;23:00:00;31;100009;5;0;100006;1.14;7.5;17;2013002
2014-03-22;23:00:00;31;100016;2;0;100011;2.1;3.3;3.5;2013002
2014-03-22;23:00:00;31;100046;3;6;100013;8;4.8;1.36;2013002
2014-03-22;23:00:00;31;100007;1;0;100035;1.8;3.6;4.33;2013002
2014-03-23;1:30:00;31;100002;0;2;100020;4.2;3.6;1.83;2013002
2014-03-23;21:30:00;31;100017;3;2;100019;2.05;3.4;3.5;2013002
2014-03-23;23:59:00;31;100012;1;4;100014;2.1;3.3;3.5;2013002
2014-03-29;20:45:00;32;100020;4;1;100012;1.3;4.75;9;2013002
2014-03-29;23:00:00;32;100035;1;0;100018;6.5;4;1.44;2013002
2014-03-29;23:00:00;32;100003;3;3;100046;1.73;3.4;4.6;2013002
2014-03-29;23:00:00;32;100014;1;0;100026;2.15;3.1;3.3;2013002
2014-03-29;23:00:00;32;100019;4;0;100007;1.73;3.6;4.33;2013002
2014-03-29;23:00:00;32;100015;3;0;100016;1.73;3.4;4.6;2013002
2014-03-30;1:30:00;32;100001;1;1;100009;2.75;3.3;2.38;2013002
2014-03-30;20:30:00;32;100006;1;3;100010;4;3.4;1.83;2013002
2014-03-30;23:00:00;32;100013;4;0;100017;1.44;4.33;6;2013002
2014-04-01;3:00:00;32;100011;1;2;100002;2.3;3.1;3;2013002
2014-04-05;19:45:00;33;100009;4;1;100019;1.33;5;7.5;2013002
2014-04-05;22:00:00;33;100026;1;0;100015;2.5;3.1;2.8;2013002
2014-04-05;22:00:00;33;100012;1;2;100006;1.85;3.6;3.8;2013002
2014-04-05;22:00:00;33;100016;0;1;100003;2.3;3.2;3;2013002
2014-04-05;22:00:00;33;100046;0;3;100035;2.3;3.1;3.1;2013002
2014-04-05;22:00:00;33;100007;0;4;100020;3.8;3.6;1.85;2013002
2014-04-06;0:30:00;33;100018;3;0;100014;1.18;6;15;2013002
2014-04-06;20:30:00;33;100010;3;0;100001;2.45;3.25;2.75;2013002
2014-04-06;23:00:00;33;100002;1;2;100013;6.5;4.75;1.4;2013002
2014-04-08;3:00:00;33;100017;5;1;100011;1.53;3.8;6;2013002
2014-04-12;22:07:00;34;100019;0;1;100046;1.5;4.33;6;2013002
2014-04-12;22:07:00;34;100014;1;0;100007;2.25;3.4;3.1;2013002
2014-04-12;22:07:00;34;100011;0;1;100010;4.5;3.75;1.73;2013002
2014-04-12;22:07:00;34;100003;3;3;100017;2.9;3.3;2.38;2013002
2014-04-12;22:07:00;34;100006;1;0;100016;2.2;3.4;3.2;2013002
2014-04-12;22:07:00;34;100035;1;0;100012;2.25;3.4;3.1;2013002
2014-04-13;20:37:00;34;100013;3;2;100009;2.4;3.4;2.8;2013002
2014-04-13;23:07:00;34;100015;0;1;100018;5;3.75;1.67;2013002
2014-04-16;2:45:00;34;100001;3;1;100002;1.4;4.75;7.5;2013002
2014-05-07;2:45:00;34;100020;3;1;100026;1.29;4.5;8;2013002
2014-04-19;19:45:00;35;100017;3;1;100006;1.53;4.2;6;2013002
2014-04-19;22:00:00;35;100012;0;0;100019;3.3;3.3;2.2;2013002
2014-04-19;22:00:00;35;100046;1;1;100014;2.45;3.25;2.9;2013002
2014-04-19;22:00:00;35;100002;0;1;100035;2.25;3.2;3.3;2013002
2014-04-19;22:00:00;35;100007;1;2;100015;2.62;3.4;2.6;2013002
2014-04-20;0:30:00;35;100018;1;2;100011;1.22;6;13;2013002
2014-04-20;19:00:00;35;100016;2;3;100013;8;5;1.36;2013002
2014-04-20;21:05:00;35;100026;0;3;100001;4.4;3.6;1.8;2013002
2014-04-20;23:10:00;35;100010;2;0;100020;2.38;3.4;2.9;2013002
2014-04-22;3:00:00;35;100009;3;1;100003;1.2;7;12;2013002
2014-04-26;19:45:00;36;100019;2;0;100010;2.6;3.3;2.5;2013002
2014-04-26;22:00:00;36;100006;2;2;100026;2.25;3.2;3;2013002
2014-04-26;22:00:00;36;100003;1;0;100002;1.95;3.4;3.5;2013002
2014-04-26;22:00:00;36;100015;4;1;100012;1.65;3.5;5;2013002
2014-04-26;22:00:00;36;100014;0;1;100017;3.1;3.2;2.2;2013002
2014-04-27;0:30:00;36;100020;4;0;100016;1.3;5;8.5;2013002
2014-04-27;19:00:00;36;100011;4;0;100046;1.91;3.3;3.8;2013002
2014-04-27;21:05:00;36;100013;0;2;100018;2;3.6;3.2;2013002
2014-04-27;23:10:00;36;100035;0;2;100009;7.5;4.5;1.36;2013002
2014-04-29;3:00:00;36;100001;3;0;100007;1.33;4.33;8.5;2013002
2014-05-03;19:45:00;37;100002;2;0;100017;-;-;-;2013002
2014-05-03;22:00:00;37;100015;0;1;100019;2.38;3.4;2.9;2013002
2014-05-03;22:00:00;37;100020;0;1;100011;1.4;4.8;7.5;2013002
2014-05-03;22:00:00;37;100014;4;1;100006;-;-;-;2013002
2014-05-03;22:00:00;37;100007;3;0;100046;1.95;3.75;3.6;2013002
2014-05-03;22:00:00;37;100012;3;1;100026;-;-;-;2013002
2014-05-04;0:30:00;37;100010;2;3;100009;4;3.8;1.8;2013002
2014-05-04;20:30:00;37;100001;1;0;100003;1.29;5.5;10;2013002
2014-05-04;23:00:00;37;100018;0;0;100016;1.2;6.5;13;2013002
2014-05-06;3:00:00;37;100035;3;3;100013;6.5;4.5;1.44;2013002
2014-05-11;22:00:00;38;100016;0;2;100001;3.5;3.5;1.8;2013002
2014-05-11;22:00:00;38;100011;1;3;100015;1.8;3.3;3.75;2013002
2014-05-11;22:00:00;38;100003;1;2;100014;2.1;3.2;3;2013002
2014-05-11;22:00:00;38;100017;3;0;100012;1.44;3.75;6;2013002
2014-05-11;22:00:00;38;100019;1;1;100020;2.5;3.3;2.38;2013002
2014-05-11;22:00:00;38;100013;2;1;100007;1.14;6;12;2013002
2014-05-11;22:00:00;38;100026;0;2;100010;3;3.4;2;2013002
2014-05-11;22:00:00;38;100046;1;2;100018;7;4;1.36;2013002
2014-05-11;22:00:00;38;100009;2;0;100002;1.12;6.5;12;2013002
2014-05-11;22:00:00;38;100006;2;2;100035;2.3;3.2;2.62;2013002